Pasha_guard_head_landmarks vs PtCloud1
ITERATION:9
 QUICK_CONVERGE: 0.8
 TRANSFORMATION:[1.00000000,0.00000000,-0.00000000,-18.92431376,-0.00000000,1.00000000, -0.00000000,-73.85691907,0.00000000,0.00000000,1.00000000,17.29538655, 0.00000000,0.00000000,0.00000000,1.00000000]
 MEAN_ERR:0.07866429
 STD_DEV:0.02809905
 DELTA_ERROR:-0.00000000



Pasha_guard_head_landmarks vs Pasha_head_landmarks
Outlier purge not active.
ITERATION:0
 QUICK_CONVERGE: 2.0
 TRANSFORMATION:[1.00000000,0.00000000,-0.00000000,-0.00000019,-0.00000000,1.00000000, 0.00000000,-0.00000470,0.00000000,-0.00000000,1.00000000,-0.00000267, 0.00000000,0.00000000,0.00000000,1.00000000]
 MEAN_ERR:0.00000000
 STD_DEV:0.00000000
 DELTA_ERROR:0.00000000



Pasha_guard_head_landmarks vs testmeshA_landmarks
ITERATION:18
 QUICK_CONVERGE: 0.8
 TRANSFORMATION:[0.99784406,0.06103932,-0.02411314,-1.95578342,-0.02318429,-0.01588008, -0.99960508,8.77273608,-0.06139813,0.99800903,-0.01443069,-8.04222799, 0.00000000,0.00000000,0.00000000,1.00000000]
 MEAN_ERR:6.31285969
 STD_DEV:3.29786264
 DELTA_ERROR:0.00000000




Men_testmeshA_landmarks vs testmeshA_landmarks
ITERATION:10
 QUICK_CONVERGE: 0.8
 TRANSFORMATION:[0.99999752,0.00030900,-0.00220497,0.12220051,-0.00030804,0.99999986, 0.00043576,-0.04197181,0.00220510,-0.00043508,0.99999747,-0.00009362, 0.00000000,0.00000000,0.00000000,1.00000000]
 MEAN_ERR:0.33698728
 STD_DEV:0.31508038
 DELTA_ERROR:-0.00000000


Men_testmeshA_landmarks vs Pasha_guard_head_landmarks
ITERATION:18
 QUICK_CONVERGE: 0.8
 TRANSFORMATION:[0.49550503,0.73702640,0.45963774,78.64403111,0.40157768,0.27483667, -0.87361329,-34.43473092,-0.77020136,0.61746003,-0.15979040,124.07032855, 0.00000000,0.00000000,0.00000000,1.00000000]
 MEAN_ERR:22.29973847
 STD_DEV:13.52715834
 DELTA_ERROR:0.00000000



Men_testmeshA_landmarks vs PtCloud1
ITERATION:1
 QUICK_CONVERGE: 2.0
 TRANSFORMATION:[1.00000000,0.00000000,-0.00000000,-0.00000008,-0.00000000,1.00000000, -0.00000000,0.00000043,0.00000000,0.00000000,1.00000000,0.00000855, 0.00000000,0.00000000,0.00000000,1.00000000]
 MEAN_ERR:76.58744386
 STD_DEV:0.07735732
 DELTA_ERROR:0.00000001



