Outlier purge not active.
ITERATION:0
 QUICK_CONVERGE: 2.0
 TRANSFORMATION:[0.94154321,0.14277734,0.30514097,20.54916208,0.15007505,0.63316105, -0.75933165,-27.93824625,-0.30161873,0.76073761,0.57472118,137.46394999, 0.00000000,0.00000000,0.00000000,1.00000000]
 MEAN_ERR:58.89506087
 STD_DEV:35.57356015
 DELTA_ERROR:58.89506087
ITERATION:1
 QUICK_CONVERGE: 2.0
 TRANSFORMATION:[0.72838686,0.45126267,0.51557209,43.68265178,0.27356264,0.49835955, -0.82267931,-30.77281938,-0.62818474,0.74027006,0.23954994,136.94035670, 0.00000000,0.00000000,0.00000000,1.00000000]
 MEAN_ERR:34.91303383
 STD_DEV:13.80856697
 DELTA_ERROR:-23.98202704
ITERATION:2
 QUICK_CONVERGE: 2.0
 TRANSFORMATION:[0.38028889,0.71019592,0.59245432,69.41217818,0.37599880,0.46653792, -0.80060432,-29.03068966,-0.84498832,0.52722304,-0.08961363,118.83460174, 0.00000000,0.00000000,0.00000000,1.00000000]
 MEAN_ERR:26.86626692
 STD_DEV:14.21090560
 DELTA_ERROR:-8.04676690
ITERATION:3
 QUICK_CONVERGE: 2.0
 TRANSFORMATION:[0.47347233,0.69753618,0.53783569,73.20875288,0.39180356,0.38009027, -0.83786715,-31.16901737,-0.78886876,0.60743285,-0.09333493,123.34537551, 0.00000000,0.00000000,0.00000000,1.00000000]
 MEAN_ERR:23.91686043
 STD_DEV:12.13516859
 DELTA_ERROR:-2.94940649
ITERATION:4
 QUICK_CONVERGE: 2.0
 TRANSFORMATION:[0.43975709,0.75774234,0.48212057,77.97875327,0.38784604,0.32395327, -0.86291931,-32.79003850,-0.81005503,0.56646344,-0.15142662,120.61185800, 0.00000000,0.00000000,0.00000000,1.00000000]
 MEAN_ERR:22.68591847
 STD_DEV:12.36575335
 DELTA_ERROR:-1.23094196
ITERATION:5
 QUICK_CONVERGE: 2.0
 TRANSFORMATION:[0.49600920,0.74527424,0.44557961,77.05876662,0.38950981,0.26765575, -0.88127323,-34.18721886,-0.77605218,0.61067725,-0.15753191,123.37190865, 0.00000000,0.00000000,0.00000000,1.00000000]
 MEAN_ERR:22.03861795
 STD_DEV:12.55312074
 DELTA_ERROR:-0.64730052
ITERATION:6
 QUICK_CONVERGE: 2.0
 TRANSFORMATION:[0.51335576,0.74795645,0.42074579,78.43281427,0.38560074,0.23696083, -0.89171836,-37.22666697,-0.76666677,0.62000865,-0.16676735,124.19823185, 0.00000000,0.00000000,0.00000000,1.00000000]
 MEAN_ERR:21.80135556
 STD_DEV:12.66317994
 DELTA_ERROR:-0.23726239
ITERATION:7
 QUICK_CONVERGE: 2.0
 TRANSFORMATION:[0.50720591,0.73075892,0.45687368,78.15691951,0.40058852,0.26947295, -0.87573579,-34.51471682,-0.76306684,0.62719672,-0.15605536,124.09296918, 0.00000000,0.00000000,0.00000000,1.00000000]
 MEAN_ERR:21.55057508
 STD_DEV:13.04562567
 DELTA_ERROR:-0.25078048
ITERATION:8
 QUICK_CONVERGE: 2.0
 TRANSFORMATION:[0.49961753,0.74862293,0.43582799,79.74553210,0.39558457,0.25041968, -0.88363048,-36.08443090,-0.77064594,0.61388411,-0.17102962,123.36402358, 0.00000000,0.00000000,0.00000000,1.00000000]
 MEAN_ERR:21.62587618
 STD_DEV:12.84931076
 DELTA_ERROR:0.07530110
ITERATION:9
 QUICK_CONVERGE: 1.6
 TRANSFORMATION:[0.50260506,0.73729657,0.45142211,78.94084759,0.39967136,0.26485184, -0.87756271,-34.96614202,-0.76658395,0.62148794,-0.16156045,123.53264432, 0.00000000,0.00000000,0.00000000,1.00000000]
 MEAN_ERR:21.50233792
 STD_DEV:13.05134081
 DELTA_ERROR:-0.12353826
ITERATION:10
 QUICK_CONVERGE: 1.6
 TRANSFORMATION:[0.50427295,0.74222112,0.44138033,78.97177978,0.39644676,0.25509645, -0.88190463,-35.62659927,-0.76716279,0.61970445,-0.16561292,123.93455758, 0.00000000,0.00000000,0.00000000,1.00000000]
 MEAN_ERR:21.58204788
 STD_DEV:12.90615645
 DELTA_ERROR:0.07970996
ITERATION:11
 QUICK_CONVERGE: 1.2
 TRANSFORMATION:[0.50260506,0.73729657,0.45142211,78.94084759,0.39967136,0.26485184, -0.87756271,-34.96614202,-0.76658395,0.62148794,-0.16156045,123.53264432, 0.00000000,0.00000000,0.00000000,1.00000000]
 MEAN_ERR:21.53353019
 STD_DEV:12.98694509
 DELTA_ERROR:-0.04851770
ITERATION:12
 QUICK_CONVERGE: 1.2
 TRANSFORMATION:[0.50427295,0.74222112,0.44138033,78.97177978,0.39644676,0.25509645, -0.88190463,-35.62659927,-0.76716279,0.61970445,-0.16561292,123.93455758, 0.00000000,0.00000000,0.00000000,1.00000000]
 MEAN_ERR:21.58204788
 STD_DEV:12.90615645
 DELTA_ERROR:0.04851770
ITERATION:13
 QUICK_CONVERGE: 0.8
 TRANSFORMATION:[0.50344360,0.73977275,0.44640880,78.95703172,0.39806110,0.25998014, -0.87974865,-35.29618473,-0.76687150,0.62060180,-0.16358942,123.73385120, 0.00000000,0.00000000,0.00000000,1.00000000]
 MEAN_ERR:21.53353019
 STD_DEV:12.98694509
 DELTA_ERROR:-0.04851770
ITERATION:14
 QUICK_CONVERGE: 0.8
 TRANSFORMATION:[0.50344360,0.73977275,0.44640880,78.95703172,0.39806110,0.25998014, -0.87974865,-35.29618473,-0.76687150,0.62060180,-0.16358942,123.73385120, 0.00000000,0.00000000,0.00000000,1.00000000]
 MEAN_ERR:21.55423881
 STD_DEV:12.94545457
 DELTA_ERROR:0.02070862
ITERATION:15
 QUICK_CONVERGE: 0.8
 TRANSFORMATION:[0.50344360,0.73977275,0.44640880,78.95703172,0.39806110,0.25998014, -0.87974865,-35.29618473,-0.76687150,0.62060180,-0.16358942,123.73385120, 0.00000000,0.00000000,0.00000000,1.00000000]
 MEAN_ERR:21.55423881
 STD_DEV:12.94545457
 DELTA_ERROR:0.00000000
